0 0
0 1
0 2
0 3
0 4
0 5
0 6
0 7
0 8
0 9
0 10
0 11
0 12
0 13
0 14
0 15
0 16
0 17
0 18
0 19
0 20
0 21
0 22
0 23
0 24
0 25
0 26
0 27
0 28
0 29
0 30
0 31
0 32
0 33
0 34
0 35
0 36
0 37
0 38
0 39
0 40
0 41
0 42
0 43
0 44
0 45
0 46
0 47
0 48
0 49
0 50
6.83556 51
10.3165 52
6.89857 53
0 54
0 55
0 56
0 57
1.05955 58
1.6808 59
1.63976 60
0 61
0 62
0 63
0 64
0 65
0 66
0 67
0 68
0 69
0 70
0 71
0 72
0 73
0 74
0 75
0 76
0 77
0 78
0 79
0 80
0 81
0 82
0 83
0 84
0 85
0 86
0 87
0 88
0 89
0 90
0 91
0 92
0 93
0 94
0 95
0 96
0 97
10.3181 98
11.5791 99
28.4773 100
28.3131 101
0 102
0 103
0 104
8.27278 105
7.90323 106
32.8027 107
34.2492 108
1.6381 109
0 110
0 111
6.83202 112
9.52897 113
31.8676 114
35.074 115
13.3873 116
0 117
0 118
0.566454 119
0 120
6.06732 121
3.58946 122
0 123
0 124
0 125
0 126
0 127
0 128
0 129
0 130
0 131
0 132
0 133
0 134
0 135
0 136
0 137
0 138
0 139
0 140
0 141
0 142
0 143
0 144
0 145
0 146
0 147
0 148
0 149
0 150
0 151
0 152
0 153
0 154
0 155
0 156
0 157
3.4043 158
0 159
0 160
0 161
0 162
0 163
0 164
13.6019 165
0 166
0 167
0 168
0 169
0 170
0 171
9.00466 172
0 173
0 174
0 175
0 176
0 177
0 178
0 179
0 180
0 181
0 182
0 183
0 184
0 185
0 186
0 187
0 188
0 189
0 190
0 191
0 192
0 193
0 194
0 195
0 196
0 197
0 198
0 199
0 200
0 201
0 202
0 203
0 204
0 205
0 206
0 207
0 208
0 209
0 210
0 211
0 212
0 213
0 214
0 215
0 216
1.89523 217
21.0761 218
41.9034 219
42.433 220
22.9468 221
0.918755 222
0 223
3.16776 224
16.5059 225
45.8662 226
52.6659 227
33.5687 228
14.166 229
4.54064 230
0 231
0 232
15.7935 233
25.6465 234
17.6458 235
8.21429 236
5.8586 237
0 238
0 239
0 240
4.60811 241
3.84745 242
0.962281 243
1.4601 244
0 245
0 246
0 247
0 248
0 249
0 250
0 251
0 252
0 253
0 254
0 255
0 256
0 257
0 258
0 259
0 260
0 261
0 262
0 263
0 264
0 265
0 266
0 267
0 268
0 269
0 270
0 271
0 272
0 273
0 274
0 275
0 276
0 277
0 278
0 279
0 280
0 281
0 282
0 283
0 284
0 285
0 286
0 287
0 288
0 289
0 290
0 291
0 292
0 293
21.1157 294
5.58671 295
0 296
0 297
0 298
12.7389 299
18.7529 300
40.6486 301
30.1881 302
35.3581 303
26.4677 304
9.67794 305
24.7109 306
32.406 307
30.3762 308
23.1994 309
48.3335 310
42.5875 311
17.4094 312
23.4808 313
34.3985 314
10.7874 315
6.88348 316
29.1893 317
28.2334 318
7.85312 319
9.82664 320
19.3974 321
0 322
0 323
1.29482 324
2.58345 325
0 326
2.58207 327
7.77964 328
0 329
0 330
0 331
0 332
0 333
0 334
2.5495 335
0 336
0 337
0 338
0 339
0 340
0 341
0 342
2.52662 343
0 344
0 345
0 346
0 347
4.04196 348
2.24691 349
5.1659 350
0 351
0 352
0 353
0 354
5.08061 355
7.05957 356
0 357
0 358
0 359
0 360
0 361
0 362
5.61231 363
0 364
0 365
0 366
0 367
0 368
0 369
0 370
0 371
0 372
5.99676 373
9.3056 374
7.36785 375
0 376
0 377
0 378
1.4385 379
12.7805 380
13.1194 381
5.16196 382
0 383
0 384
0 385
3.89193 386
7.65632 387
5.87187 388
0.327998 389
0 390
0 391
9.83802 392
0 393
0 394
0 395
0 396
5.85331 397
13.4626 398
0 399
0 400
0 401
0 402
0 403
0 404
0 405
0 406
0 407
0 408
0 409
0 410
0 411
0 412
0 413
0 414
0 415
0 416
0 417
0 418
0 419
1.75634 420
0 421
0 422
0 423
0 424
0 425
0 426
30.8694 427
22.7528 428
24.4306 429
19.671 430
14.1097 431
12.7202 432
13.1065 433
27.9153 434
19.8136 435
25.8016 436
21.1546 437
14.8402 438
14.825 439
19.3219 440
0 441
0 442
0 443
0.874124 444
0 445
0 446
0 447
0 448
0 449
6.28158 450
10.8109 451
6.63921 452
0 453
0 454
0 455
0 456
13.08 457
14.468 458
3.05907 459
0 460
0 461
0 462
0 463
1.76324 464
3.15773 465
0 466
0 467
0 468
0 469
0 470
0 471
4.64771 472
0 473
0 474
0 475
0 476
0 477
5.95675 478
15.2717 479
0 480
0 481
0 482
0 483
0 484
6.89723 485
14.4401 486
4.93158 487
0 488
0 489
2.70734 490
0 491
0 492
0 493
0 494
0 495
9.82456 496
0 497
0 498
0 499
0 500
0 501
0 502
0 503
0 504
0 505
0 506
0 507
0 508
0 509
0 510
0 511
0 512
0 513
0 514
0 515
0 516
0 517
0 518
0 519
0 520
0 521
0 522
0 523
4.08755 524
0 525
0 526
0 527
0 528
0 529
4.07092 530
15.4075 531
7.96866 532
1.56513 533
0.314459 534
0 535
6.51847 536
16.0906 537
19.5011 538
0 539
0 540
15.2945 541
23.4219 542
0 543
0 544
0 545
0 546
0 547
21.3791 548
33.049 549
0 550
0 551
0 552
0 553
0 554
0 555
0 556
0 557
0 558
0 559
0 560
0 561
0 562
0 563
0 564
0 565
0 566
0 567
0 568
0 569
0 570
0 571
0 572
0 573
0 574
0 575
0 576
0 577
0 578
0 579
0 580
0 581
0 582
0 583
0 584
0 585
0 586
0 587
17.0677 588
13.5654 589
11.4405 590
9.0973 591
10.9816 592
18.6184 593
19.864 594
17.5645 595
12.73 596
19.599 597
19.6176 598
11.4967 599
12.4123 600
16.417 601
1.95225 602
0 603
3.3638 604
2.10016 605
0 606
0 607
0 608
0 609
0 610
0 611
0 612
0 613
0 614
0 615
0 616
0 617
0 618
0 619
0 620
0 621
0 622
0 623
0 624
0 625
0 626
0 627
0 628
0 629
0 630
0 631
0 632
0 633
0 634
0 635
0 636
0 637
0 638
21.3524 639
15.9886 640
0 641
0 642
0 643
0 644
0 645
1.05432 646
0 647
0 648
0 649
0 650
0 651
0 652
0 653
0 654
0 655
0 656
0 657
0 658
0 659
0 660
0 661
0 662
0 663
0 664
0 665
0 666
0 667
0 668
0 669
0 670
0 671
0 672
0 673
0 674
3.04463 675
0 676
0 677
0 678
0 679
0 680
9.81661 681
14.7741 682
6.09921 683
0 684
0 685
0 686
0 687
0 688
0 689
0 690
0 691
0 692
0 693
0 694
0 695
0.4013 696
0 697
0 698
0 699
0 700
0 701
0 702
1.30585 703
0 704
0 705
0 706
0 707
0 708
0 709
0 710
0 711
0 712
0 713
0 714
0 715
0 716
0 717
0 718
0 719
0 720
0 721
0 722
0 723
0 724
0 725
0 726
0 727
0 728
0 729
0 730
0 731
0 732
0 733
0 734
0 735
0 736
0 737
0 738
0 739
0 740
0 741
0 742
0 743
0 744
0 745
0 746
0 747
0 748
0 749
0 750
0 751
0 752
0 753
0 754
0 755
0 756
0 757
0 758
0 759
0 760
0 761
0 762
0 763
0 764
0 765
0 766
0 767
0 768
0 769
0 770
0 771
0 772
0 773
0 774
0 775
0 776
0 777
0 778
0 779
0 780
0 781
0 782
0 783
0 784
0 785
0 786
0 787
0 788
0 789
0 790
0 791
0 792
0 793
0 794
0 795
13.9775 796
0 797
10.7665 798
0.404535 799
0 800
0 801
1.29299 802
23.1024 803
0 804
3.16778 805
0 806
0 807
0 808
0.0144248 809
9.26626 810
0 811
0 812
0 813
0 814
0 815
0 816
0 817
0 818
0 819
0 820
0 821
0 822
0 823
0 824
0 825
0 826
0 827
0 828
2.4553 829
0 830
0 831
0 832
2.08264 833
3.55647 834
6.43055 835
4.36754 836
0 837
0 838
0 839
5.83426 840
7.88048 841
12.8501 842
12.4949 843
7.49906 844
3.33457 845
0 846
0 847
0 848
0 849
0 850
2.08145 851
11.2266 852
9.75386 853
0 854
0 855
0 856
0 857
0 858
0 859
1.05475 860
0 861
0 862
0 863
0 864
0 865
0 866
0 867
0 868
0 869
0 870
0 871
0 872
0 873
0 874
0 875
0 876
0 877
0 878
0 879
0 880
0 881
0 882
0 883
26.8736 884
45.6511 885
0.761105 886
0 887
0 888
0 889
0 890
25.277 891
53.0282 892
16.7118 893
0 894
0 895
0 896
0 897
0.935344 898
33.8358 899
29.1954 900
0 901
0 902
0 903
0 904
0 905
0 906
19.277 907
0 908
0 909
0 910
0 911
0 912
0 913
0 914
0 915
0 916
0 917
0 918
0 919
0 920
0 921
0 922
0 923
0 924
0 925
0 926
0 927
0 928
0 929
0 930
0 931
0 932
0 933
0.433233 934
1.98106 935
4.66572 936
6.8464 937
0 938
0 939
0 940
0 941
0 942
0 943
0 944
0 945
0 946
0 947
0 948
0 949
0 950
0 951
14.5931 952
23.5125 953
15.4308 954
0 955
0 956
0.315049 957
3.0941 958
8.53879 959
16.9989 960
2.01458 961
0 962
0 963
2.81818 964
1.94792 965
0 966
0 967
0 968
0 969
0 970
0 971
0 972
0 973
0 974
0 975
0 976
0 977
0 978
0 979
0 980
0 981
0 982
0 983
0 984
0 985
0 986
7.81867 987
1.57311 988
0 989
0 990
5.50895 991
13.5531 992
3.41714 993
26.8731 994
33.584 995
30.9112 996
28.3721 997
39.3153 998
36.0328 999
17.3061 1000
26.7703 1001
37.0745 1002
37.6109 1003
30.6589 1004
33.2234 1005
23.1781 1006
7.31081 1007
0 1008
1.18749 1009
0 1010
0 1011
0 1012
0 1013
0 1014
0 1015
0 1016
0 1017
0 1018
0 1019
0 1020
0 1021
0 1022
0 1023
0 1024
0 1025
0 1026
0 1027
0 1028
0 1029
0 1030
0 1031
0 1032
0 1033
0 1034
0 1035
0 1036
0 1037
0 1038
0 1039
0 1040
0 1041
0 1042
0 1043
0 1044
0 1045
0 1046
0 1047
0 1048
0 1049
0 1050
0 1051
0 1052
0 1053
0 1054
0 1055
0 1056
0 1057
0 1058
0 1059
0 1060
0 1061
0 1062
0 1063
0 1064
0 1065
0 1066
0 1067
0 1068
0 1069
0 1070
1.40235 1071
0 1072
0 1073
0 1074
0 1075
0 1076
0 1077
0 1078
0 1079
0 1080
0 1081
0 1082
0 1083
0 1084
0 1085
0 1086
0 1087
0 1088
0 1089
0 1090
0 1091
0 1092
0 1093
0 1094
0 1095
0 1096
1.39968 1097
9.80424 1098
0 1099
0 1100
15.1526 1101
13.4515 1102
2.32048 1103
9.12729 1104
21.4716 1105
0.39787 1106
0 1107
22.725 1108
17.4716 1109
0 1110
2.45723 1111
17.5985 1112
0 1113
0 1114
5.76436 1115
1.02009 1116
0 1117
0 1118
2.93627 1119
0 1120
0 1121
0 1122
0 1123
0 1124
0 1125
0 1126
0 1127
0 1128
0 1129
0 1130
0 1131
0 1132
0 1133
1.60121 1134
0 1135
0 1136
0 1137
0 1138
0 1139
0 1140
7.90517 1141
0 1142
0 1143
0 1144
0 1145
0 1146
0.241986 1147
4.03821 1148
0 1149
0 1150
0 1151
0 1152
0 1153
0 1154
0 1155
0 1156
0 1157
0 1158
0 1159
0 1160
0 1161
0 1162
0 1163
0 1164
0 1165
0 1166
0 1167
0 1168
0 1169
0 1170
0 1171
0 1172
0 1173
0 1174
0 1175
0 1176
0 1177
0 1178
0 1179
0 1180
0 1181
0 1182
0 1183
0 1184
0 1185
0 1186
0 1187
0 1188
0 1189
0 1190
0 1191
0 1192
0 1193
0 1194
0 1195
0 1196
0 1197
0 1198
0 1199
0 1200
0 1201
0 1202
0 1203
0 1204
0 1205
0 1206
0 1207
0 1208
0 1209
0 1210
0 1211
0 1212
0 1213
0 1214
0 1215
0 1216
0 1217
0 1218
0 1219
0 1220
0 1221
0 1222
0 1223
0 1224
0 1225
0 1226
0 1227
0 1228
0 1229
0 1230
0 1231
0 1232
0 1233
0 1234
0 1235
0 1236
0 1237
0 1238
0 1239
0 1240
0 1241
0 1242
0 1243
0 1244
0 1245
0 1246
0 1247
0 1248
0 1249
0 1250
0 1251
0 1252
0 1253
0 1254
0 1255
0 1256
0 1257
0 1258
0 1259
16.5748 1260
5.10897 1261
0.130002 1262
4.62381 1263
12.6444 1264
17.4403 1265
15.1703 1266
34.1535 1267
34.5943 1268
45.7728 1269
43.2388 1270
42.5562 1271
39.6149 1272
33.341 1273
0 1274
0 1275
0 1276
0 1277
0 1278
0 1279
0 1280
0 1281
0 1282
0 1283
0 1284
0 1285
0 1286
0 1287
0 1288
0 1289
0 1290
0 1291
0 1292
0 1293
0 1294
7.96154 1295
29.4691 1296
16.6398 1297
17.209 1298
28.5706 1299
0.228651 1300
0 1301
15.378 1302
36.4322 1303
18.4206 1304
17.0444 1305
33.678 1306
7.70783 1307
0 1308
0 1309
0 1310
0 1311
0 1312
0 1313
0 1314
0 1315
0 1316
0 1317
0 1318
0 1319
0 1320
0 1321
0 1322
0 1323
0 1324
10.9013 1325
7.87756 1326
0 1327
0 1328
0 1329
0 1330
0 1331
0 1332
0 1333
0 1334
0 1335
0 1336
0 1337
0 1338
0 1339
0 1340
0 1341
0 1342
0 1343
0 1344
0 1345
0 1346
0 1347
0 1348
0 1349
0 1350
0 1351
0 1352
0 1353
0 1354
0 1355
0 1356
0 1357
5.00815 1358
9.314 1359
13.0141 1360
10.2685 1361
7.82472 1362
0.477166 1363
0 1364
7.45457 1365
10.137 1366
13.0356 1367
8.76132 1368
7.31696 1369
3.51638 1370
2.01598 1371
0 1372
0 1373
0 1374
0 1375
0 1376
0 1377
0 1378
0 1379
0 1380
0 1381
0 1382
0 1383
0 1384
0 1385
0 1386
0 1387
0 1388
0 1389
0 1390
0 1391
0 1392
0 1393
0 1394
0 1395
0 1396
0 1397
0 1398
0 1399
0 1400
0 1401
0 1402
0 1403
0 1404
0 1405
0 1406
5.32844 1407
1.77048 1408
0 1409
0 1410
0 1411
0 1412
0 1413
1.41032 1414
0 1415
0 1416
0 1417
0 1418
0.0529385 1419
0 1420
0 1421
0 1422
0 1423
0 1424
0 1425
0 1426
0 1427
0 1428
0 1429
1.93328 1430
9.68583 1431
0 1432
0 1433
0.420905 1434
0 1435
0 1436
5.14534 1437
19.3571 1438
0 1439
0 1440
0 1441
0 1442
0 1443
0 1444
9.2682 1445
0 1446
0 1447
0 1448
0 1449
0 1450
0 1451
0 1452
0 1453
0 1454
0 1455
0 1456
0 1457
0 1458
0 1459
0 1460
0 1461
0 1462
0 1463
0 1464
0 1465
0 1466
0 1467
0 1468
0 1469
2.42279 1470
0 1471
0 1472
0 1473
0 1474
0 1475
0 1476
0 1477
0 1478
0 1479
0 1480
0 1481
0 1482
0 1483
0 1484
0 1485
0 1486
0 1487
0 1488
0 1489
0 1490
0 1491
0 1492
0 1493
0 1494
0 1495
0 1496
0 1497
0 1498
2.1423 1499
0 1500
0 1501
2.05706 1502
0 1503
0 1504
20.1625 1505
26.6536 1506
32.0572 1507
28.7982 1508
19.993 1509
9.64854 1510
0 1511
9.93153 1512
10.7512 1513
15.3159 1514
10.5615 1515
3.57917 1516
0 1517
0 1518
0 1519
0 1520
0 1521
0 1522
0 1523
0 1524
0 1525
0 1526
0 1527
0 1528
0 1529
0 1530
0 1531
0 1532
0 1533
0 1534
0 1535
0 1536
0 1537
0 1538
0 1539
0 1540
0 1541
0 1542
0 1543
0 1544
0 1545
0 1546
0 1547
0 1548
0 1549
0 1550
0 1551
0 1552
0 1553
0 1554
0 1555
0 1556
0 1557
0 1558
0 1559
0 1560
0 1561
0 1562
0 1563
0 1564
0 1565
0 1566
0 1567
1.86215 1568
16.4323 1569
45.2887 1570
55.0163 1571
31.9166 1572
3.63551 1573
1.26091 1574
8.98901 1575
27.8149 1576
60.0309 1577
64.6785 1578
33.1333 1579
0 1580
0 1581
0 1582
0 1583
8.09707 1584
10.3446 1585
0 1586
0 1587
0 1588
0 1589
0 1590
0 1591
0 1592
0 1593
0 1594
0 1595
0 1596
0 1597
0 1598
0 1599
0 1600
0 1601
0 1602
0 1603
0 1604
0 1605
0 1606
0 1607
0 1608
0 1609
0 1610
0 1611
0 1612
0 1613
0 1614
0 1615
0 1616
9.63703 1617
6.93249 1618
11.8773 1619
17.9474 1620
17.7954 1621
23.0635 1622
21.3616 1623
7.72241 1624
3.83622 1625
7.80362 1626
13.6026 1627
12.6135 1628
16.2211 1629
13.402 1630
3.54224 1631
0 1632
0 1633
0 1634
0 1635
4.6601 1636
6.33542 1637
8.24496 1638
9.14936 1639
7.79464 1640
10.4437 1641
9.5751 1642
16.1129 1643
12.5723 1644
7.32808 1645
11.9118 1646
14.4466 1647
18.0409 1648
17.004 1649
18.8834 1650
15.1728 1651
13.595 1652
18.8498 1653
25.2843 1654
29.7253 1655
27.0506 1656
23.6686 1657
17.8624 1658
2.65141 1659
3.07384 1660
6.7928 1661
8.99077 1662
11.0295 1663
12.4063 1664
9.708 1665
0 1666
0 1667
0 1668
0 1669
0 1670
0 1671
0.194817 1672
0 1673
0 1674
0 1675
0 1676
0 1677
0 1678
1.74997 1679
0 1680
0 1681
0 1682
0 1683
0 1684
0 1685
5.78573 1686
0 1687
0 1688
0 1689
0 1690
6.04418 1691
11.4419 1692
14.6255 1693
0 1694
0 1695
0 1696
0 1697
13.54 1698
18.9207 1699
14.7017 1700
0 1701
0 1702
0 1703
0 1704
9.02907 1705
11.9081 1706
6.14301 1707
0 1708
0 1709
0 1710
0 1711
6.99011 1712
6.14842 1713
0 1714
0 1715
0 1716
0 1717
0 1718
0 1719
0 1720
0 1721
0 1722
0 1723
0 1724
0 1725
0 1726
0 1727
0 1728
0 1729
0 1730
0 1731
0 1732
0 1733
0 1734
0 1735
2.3418 1736
0 1737
0 1738
0 1739
0 1740
2.53316 1741
11.3228 1742
3.89669 1743
0 1744
0 1745
0 1746
0 1747
13.9362 1748
19.7494 1749
2.63306 1750
0 1751
0 1752
0 1753
0 1754
9.24781 1755
10.5748 1756
4.88721 1757
5.16219 1758
0 1759
0 1760
0 1761
4.98031 1762
3.32442 1763
0 1764
0 1765
0 1766
0 1767
0 1768
0 1769
0 1770
0 1771
0 1772
0 1773
0 1774
0 1775
0 1776
0 1777
1.88669 1778
0 1779
0 1780
0 1781
0 1782
0 1783
0 1784
23.1545 1785
19.4332 1786
8.74472 1787
0 1788
0 1789
0 1790
0 1791
31.3598 1792
29.2157 1793
10.2193 1794
0 1795
0 1796
0 1797
0 1798
16.6563 1799
19.0055 1800
0 1801
0 1802
0 1803
0 1804
0 1805
3.88909 1806
11.6779 1807
0 1808
0 1809
0 1810
0 1811
0 1812
11.1744 1813
4.87206 1814
0 1815
0 1816
0 1817
0 1818
0 1819
0 1820
0 1821
0 1822
0 1823
0 1824
0 1825
0 1826
0 1827
0 1828
0 1829
0 1830
0 1831
0 1832
0 1833
0 1834
0 1835
0 1836
0 1837
0 1838
0 1839
0.584135 1840
0 1841
0 1842
0 1843
0 1844
0 1845
0 1846
3.94607 1847
11.8036 1848
3.55067 1849
15.8289 1850
17.7252 1851
10.8666 1852
11.4739 1853
14.1018 1854
12.1493 1855
8.76975 1856
17.5648 1857
15.0336 1858
12.155 1859
12.8452 1860
13.9077 1861
0 1862
0 1863
0 1864
0 1865
2.20698 1866
5.63934 1867
0 1868
0 1869
0 1870
0 1871
0 1872
20.4243 1873
24.2729 1874
4.59361 1875
0 1876
0 1877
0 1878
0 1879
30.3576 1880
32.9339 1881
10.039 1882
0 1883
0 1884
0 1885
0 1886
20.9019 1887
24.431 1888
11.2055 1889
0 1890
0 1891
0 1892
0 1893
4.18035 1894
6.13822 1895
1.89912 1896
0 1897
0 1898
0 1899
0 1900
0 1901
0 1902
0 1903
0 1904
0 1905
0 1906
0 1907
0 1908
0 1909
0 1910
0 1911
0 1912
0 1913
0 1914
0 1915
0 1916
0 1917
0 1918
0 1919
0 1920
0 1921
0 1922
0 1923
0 1924
0 1925
0 1926
0 1927
0 1928
0 1929
0 1930
0 1931
0 1932
0 1933
0 1934
0 1935
0 1936
0 1937
0 1938
0 1939
0 1940
0 1941
0 1942
0 1943
0 1944
0 1945
0 1946
0 1947
0 1948
0 1949
0 1950
0 1951
0 1952
0 1953
0 1954
0 1955
0 1956
0 1957
0 1958
0 1959
0 1960
0 1961
0 1962
0 1963
0 1964
0 1965
0 1966
0 1967
0 1968
0 1969
0 1970
0 1971
0 1972
0 1973
0 1974
0 1975
0 1976
0 1977
0 1978
0 1979
0 1980
0 1981
0 1982
0 1983
0 1984
0 1985
0 1986
0 1987
0 1988
0 1989
0 1990
0 1991
0 1992
0 1993
0 1994
0 1995
0 1996
0 1997
0 1998
0 1999
0 2000
0 2001
0 2002
0 2003
0 2004
0 2005
0 2006
0 2007
0 2008
0 2009
0 2010
0 2011
0 2012
0 2013
0 2014
2.02635 2015
0 2016
0 2017
0 2018
0 2019
0 2020
0 2021
0.454708 2022
0 2023
0 2024
0 2025
0 2026
0 2027
0 2028
2.44758 2029
0 2030
0 2031
0 2032
0 2033
0 2034
0 2035
0 2036
0 2037
0 2038
0 2039
0 2040
0 2041
0 2042
0 2043
0 2044
0 2045
0 2046
0 2047
0 2048
0 2049
0 2050
0 2051
0 2052
0 2053
0 2054
0 2055
0 2056
0 2057
5.55374 2058
1.45533 2059
0 2060
0 2061
0 2062
0 2063
0 2064
0 2065
0 2066
0 2067
0 2068
0 2069
0 2070
0 2071
0 2072
0 2073
0 2074
0 2075
0 2076
0 2077
0 2078
0 2079
0 2080
0 2081
0 2082
0 2083
0 2084
0 2085
0 2086
0 2087
0 2088
0 2089
0 2090
0 2091
0 2092
0 2093
0 2094
0 2095
0 2096
0 2097
0 2098
0.694974 2099
0 2100
0 2101
0 2102
0 2103
0 2104
0.446864 2105
0 2106
2.93668 2107
0 2108
0 2109
0 2110
0 2111
0 2112
1.74252 2113
5.38186 2114
0 2115
0 2116
0 2117
0 2118
0 2119
0.992459 2120
0 2121
0 2122
0 2123
0 2124
0 2125
0 2126
0 2127
0 2128
0 2129
0 2130
0 2131
0 2132
0 2133
0 2134
0 2135
0 2136
0 2137
0 2138
0 2139
0 2140
0 2141
0 2142
0 2143
0 2144
0 2145
0 2146
0 2147
0 2148
0 2149
0 2150
0 2151
0 2152
0 2153
0 2154
0 2155
0 2156
0 2157
0 2158
0 2159
0 2160
0 2161
0 2162
0 2163
0 2164
0 2165
0 2166
0 2167
0 2168
0 2169
0 2170
0 2171
0 2172
0 2173
0 2174
0 2175
0 2176
13.97 2177
10.9798 2178
0 2179
0 2180
0 2181
0 2182
0 2183
22.8816 2184
19.8714 2185
0 2186
0 2187
0 2188
0 2189
0 2190
12.0702 2191
11.0179 2192
0 2193
0 2194
0 2195
0 2196
0 2197
5.93311 2198
8.73996 2199
0 2200
0 2201
0 2202
0 2203
0 2204
0 2205
7.03127 2206
38.6596 2207
55.3487 2208
25.6476 2209
6.20998 2210
10.9409 2211
0 2212
5.41546 2213
44.9991 2214
58.3006 2215
15.5449 2216
0 2217
8.82015 2218
0 2219
0 2220
47.573 2221
58.5806 2222
7.88955 2223
0 2224
7.08042 2225
0 2226
1.92848 2227
68.4671 2228
86.4897 2229
42.0896 2230
9.14812 2231
29.2561 2232
9.43435 2233
16.9793 2234
72.5334 2235
84.977 2236
56.7733 2237
31.5633 2238
36.3619 2239
13.8183 2240
17.2594 2241
47.9478 2242
51.9452 2243
40.104 2244
29.1168 2245
28.661 2246
0 2247
0 2248
10.8264 2249
14.8685 2250
11.7449 2251
8.59894 2252
10.6514 2253
0 2254
0 2255
0 2256
6.90953 2257
3.60803 2258
0 2259
0 2260
0 2261
0 2262
0 2263
0 2264
0 2265
0 2266
0 2267
0 2268
0 2269
0 2270
0 2271
0 2272
0 2273
0 2274
11.2565 2275
8.84502 2276
0 2277
0 2278
0 2279
0 2280
0 2281
10.775 2282
4.86256 2283
0 2284
0 2285
0 2286
0 2287
0 2288
0 2289
0 2290
0 2291
0 2292
0 2293
0 2294
0 2295
0 2296
0 2297
0 2298
0 2299
0 2300
0 2301
0 2302
0 2303
0 2304
0 2305
0 2306
0 2307
0 2308
3.39261 2309
0 2310
0 2311
0 2312
0 2313
0 2314
0 2315
1.65092 2316
0 2317
0 2318
0 2319
0 2320
0 2321
0 2322
0 2323
0 2324
0 2325
0 2326
0 2327
0 2328
0 2329
0 2330
0 2331
0 2332
0 2333
0 2334
0 2335
0 2336
0 2337
0 2338
0 2339
0 2340
0 2341
0 2342
0 2343
0 2344
0 2345
0 2346
0 2347
0 2348
0 2349
0 2350
0 2351
0 2352
0 2353
0 2354
0 2355
0 2356
0 2357
0 2358
8.02218 2359
4.83027 2360
0 2361
0 2362
4.07163 2363
17.6916 2364
1.35015 2365
14.551 2366
0.581175 2367
0 2368
0 2369
3.89356 2370
27.2001 2371
10.5665 2372
12.1155 2373
0 2374
0 2375
0 2376
5.32293 2377
28.8712 2378
16.3431 2379
0.0268997 2380
0 2381
0 2382
0.439663 2383
3.93116 2384
19.6969 2385
13.1341 2386
0 2387
0 2388
6.69074 2389
12.1194 2390
3.71634 2391
6.71771 2392
3.66444 2393
0 2394
0 2395
0 2396
2.65625 2397
0 2398
0 2399
0 2400
0 2401
0 2402
0 2403
0 2404
0 2405
0 2406
0 2407
0 2408
0 2409
0 2410
0 2411
0 2412
0 2413
0 2414
0 2415
0 2416
0 2417
0 2418
0 2419
0 2420
0 2421
0 2422
0 2423
0 2424
0 2425
0 2426
0 2427
0 2428
0 2429
0 2430
0 2431
0 2432
0 2433
0 2434
0 2435
0 2436
0 2437
0 2438
0 2439
0 2440
0 2441
0 2442
0 2443
0 2444
0 2445
0 2446
0 2447
0 2448
0 2449
0 2450
0 2451
0 2452
0 2453
0 2454
0 2455
0 2456
0 2457
6.73406 2458
11.1623 2459
12.4318 2460
20.2913 2461
6.47622 2462
0 2463
0 2464
11.4638 2465
21.0474 2466
18.6877 2467
20.9796 2468
10.218 2469
0 2470
0 2471
3.36875 2472
9.64395 2473
4.67855 2474
3.07969 2475
0 2476
0 2477
0 2478
0 2479
0 2480
0 2481
0 2482
0 2483
0 2484
0 2485
0 2486
8.11146 2487
10.4962 2488
0 2489
0 2490
0 2491
0 2492
0 2493
0.586956 2494
4.77874 2495
0 2496
0 2497
0 2498
0 2499
0 2500
0 2501
0 2502
0 2503
0 2504
0 2505
0.994034 2506
0 2507
0 2508
0 2509
0 2510
0 2511
0 2512
9.19484 2513
0 2514
0 2515
0 2516
0 2517
0 2518
0 2519
0 2520
0 2521
0 2522
0 2523
0 2524
0 2525
0 2526
0 2527
0 2528
0 2529
0 2530
0 2531
0 2532
0 2533
12.3853 2534
10.3088 2535
16.838 2536
15.6544 2537
5.02886 2538
0 2539
0 2540
11.5717 2541
12.8392 2542
24.0248 2543
19.8171 2544
6.46381 2545
0.294464 2546
0 2547
24.2962 2548
11.6398 2549
0 2550
0 2551
2.52617 2552
17.3229 2553
19.6677 2554
17.5778 2555
0 2556
0 2557
0 2558
0 2559
4.7813 2560
24.3964 2561
0 2562
0 2563
0 2564
0 2565
0 2566
0 2567
10.244 2568
0 2569
0 2570
0 2571
0 2572
0 2573
0 2574
6.00581 2575
0 2576
0 2577
0 2578
0 2579
0 2580
0 2581
9.96686 2582
7.96388 2583
4.7923 2584
43.688 2585
48.791 2586
29.9147 2587
22.6388 2588
25.4211 2589
14.6851 2590
14.5384 2591
39.5241 2592
38.3831 2593
28.9323 2594
23.2901 2595
20.817 2596
0 2597
0 2598
0 2599
0 2600
0 2601
0 2602
0 2603
0 2604
0 2605
0 2606
0 2607
0 2608
0 2609
0 2610
0 2611
0 2612
0 2613
0 2614
0 2615
0 2616
0 2617
0 2618
0 2619
0 2620
0 2621
0 2622
0 2623
0 2624
0 2625
0 2626
0 2627
0 2628
0 2629
0 2630
0 2631
0 2632
0 2633
0 2634
0 2635
0 2636
0 2637
0 2638
0 2639
0 2640
0 2641
0 2642
0 2643
0 2644
0 2645
0 2646
0 2647
0 2648
0 2649
0 2650
0 2651
0 2652
0 2653
0 2654
0 2655
0 2656
0 2657
0 2658
0 2659
0 2660
0 2661
0 2662
0 2663
0 2664
0 2665
0 2666
0 2667
0 2668
0 2669
0 2670
0 2671
0 2672
0 2673
0 2674
0 2675
0 2676
0 2677
0 2678
0 2679
0 2680
0 2681
0 2682
0 2683
0 2684
0 2685
0 2686
0 2687
0 2688
0 2689
0 2690
0 2691
0 2692
0 2693
0 2694
0 2695
0 2696
0 2697
0 2698
0 2699
0 2700
0 2701
0 2702
0 2703
0 2704
0 2705
0 2706
0 2707
0 2708
0 2709
0 2710
0 2711
0 2712
0 2713
0 2714
0 2715
0 2716
0 2717
0 2718
12.2018 2719
5.29224 2720
0 2721
0 2722
0 2723
0 2724
4.95688 2725
20.3115 2726
18.9321 2727
9.40126 2728
0 2729
0 2730
0.620306 2731
6.096 2732
16.917 2733
18.4623 2734
8.66792 2735
0 2736
0 2737
1.29867 2738
3.35277 2739
8.40218 2740
10.2094 2741
3.02662 2742
0 2743
15.6666 2744
10.2965 2745
6.73347 2746
7.76667 2747
5.14122 2748
18.1781 2749
17.1059 2750
22.2528 2751
3.20501 2752
0 2753
0 2754
0 2755
15.2704 2756
23.1871 2757
14.1657 2758
0 2759
0 2760
0 2761
0 2762
3.96461 2763
24.0716 2764
6.43588 2765
0 2766
3.816 2767
13.3627 2768
0 2769
11.9108 2770
30.8389 2771
7.99043 2772
0 2773
13.2569 2774
22.6571 2775
9.98096 2776
20.1882 2777
29.4278 2778
17.0186 2779
12.1477 2780
17.4363 2781
21.7831 2782
18.0631 2783
23.1702 2784
22.2827 2785
6.23877 2786
1.86061 2787
0 2788
0 2789
4.12289 2790
10.6159 2791
8.14221 2792
0 2793
0 2794
0 2795
0 2796
0 2797
0 2798
0 2799
0 2800
0 2801
0 2802
0 2803
0 2804
0 2805
0 2806
0 2807
0 2808
0 2809
0 2810
0 2811
0 2812
0 2813
0 2814
0 2815
0 2816
0 2817
0 2818
0 2819
0 2820
0 2821
0 2822
0 2823
0 2824
0 2825
0 2826
0 2827
0 2828
0 2829
0 2830
0 2831
0 2832
0 2833
0 2834
0 2835
1.98084 2836
2.15717 2837
7.5951 2838
7.35699 2839
0 2840
0 2841
0 2842
0 2843
0 2844
0 2845
0 2846
0 2847
0 2848
0 2849
0 2850
0 2851
0 2852
0 2853
0 2854
0 2855
0 2856
0 2857
0 2858
0 2859
0 2860
0 2861
0 2862
12.3227 2863
3.0984 2864
0 2865
0 2866
0 2867
0 2868
5.28867 2869
18.7448 2870
9.50134 2871
0 2872
0 2873
3.77365 2874
7.60736 2875
11.9754 2876
0 2877
0 2878
0 2879
0 2880
0 2881
0 2882
3.99227 2883
0 2884
0 2885
0 2886
0 2887
0 2888
0 2889
0 2890
0 2891
0 2892
0 2893
0 2894
0 2895
0 2896
0 2897
0 2898
0 2899
2.99128 2900
0 2901
0 2902
0 2903
0 2904
0 2905
0 2906
0 2907
0 2908
0 2909
0 2910
0 2911
0 2912
0 2913
0 2914
0 2915
0 2916
0 2917
0 2918
0 2919
0 2920
0 2921
0 2922
0 2923
0 2924
0 2925
0 2926
0 2927
0 2928
0 2929
0 2930
0 2931
0 2932
0 2933
0 2934
0 2935
0 2936
0 2937
0 2938
0 2939
0 2940
0 2941
0 2942
0 2943
0 2944
0 2945
0 2946
0 2947
0 2948
0 2949
0 2950
0 2951
0 2952
0 2953
0 2954
0 2955
0 2956
0 2957
0.833206 2958
0 2959
0 2960
0 2961
0 2962
0 2963
3.15643 2964
9.879 2965
4.45268 2966
9.98948 2967
0 2968
0 2969
0 2970
6.90683 2971
15.472 2972
8.11486 2973
7.75085 2974
0 2975
0 2976
0 2977
0 2978
14.0316 2979
10.0096 2980
3.39916 2981
0 2982
0 2983
0 2984
0 2985
9.5988 2986
8.40299 2987
0 2988
0 2989
0 2990
0 2991
0 2992
0 2993
0 2994
0 2995
0 2996
0 2997
0 2998
0 2999
0 3000
0 3001
0 3002
0 3003
0 3004
0 3005
0 3006
0 3007
0 3008
0 3009
0 3010
0 3011
0 3012
0 3013
0 3014
0 3015
0 3016
0 3017
0 3018
0 3019
0 3020
0 3021
0 3022
0 3023
0 3024
0 3025
0 3026
0 3027
0 3028
0 3029
0 3030
0 3031
0 3032
0 3033
0 3034
0 3035
0 3036
0 3037
0 3038
4.02338 3039
11.6152 3040
11.0701 3041
3.78562 3042
0 3043
0 3044
0 3045
0 3046
0.125909 3047
0 3048
0 3049
0 3050
0 3051
0 3052
0 3053
0 3054
0 3055
0 3056
0 3057
0 3058
0 3059
0 3060
0 3061
0 3062
0 3063
0 3064
0 3065
0 3066
0 3067
0 3068
0 3069
0 3070
0 3071
0 3072
0 3073
0 3074
0 3075
0 3076
0 3077
0 3078
0 3079
0 3080
0 3081
0 3082
0 3083
0 3084
0 3085
1.08591 3086
0 3087
0 3088
0 3089
0 3090
0 3091
0 3092
0 3093
0 3094
0 3095
0 3096
0 3097
0 3098
0 3099
0 3100
0 3101
0 3102
0 3103
0 3104
0 3105
0 3106
0 3107
0 3108
0 3109
0 3110
0 3111
0 3112
0 3113
0 3114
0 3115
0 3116
0 3117
0 3118
0 3119
0 3120
0 3121
0 3122
0 3123
0 3124
0 3125
0 3126
0 3127
0 3128
0 3129
0 3130
0 3131
0 3132
0 3133
0 3134
0 3135
0 3136
0 3137
0 3138
0 3139
0 3140
0 3141
0 3142
0 3143
0 3144
0 3145
0 3146
0 3147
0 3148
0 3149
0 3150
0 3151
0 3152
0 3153
0 3154
0 3155
0 3156
0 3157
0 3158
0 3159
0 3160
0 3161
0 3162
0 3163
0 3164
0 3165
0 3166
0 3167
0 3168
0 3169
0 3170
0 3171
0 3172
0 3173
0 3174
0 3175
0 3176
0 3177
0 3178
0 3179
0 3180
0 3181
0 3182
0 3183
0 3184
0 3185
0 3186
0 3187
0 3188
0 3189
0 3190
0 3191
0 3192
0 3193
0 3194
0 3195
0 3196
0 3197
0 3198
0 3199
0 3200
0 3201
0 3202
0 3203
0 3204
0 3205
0 3206
0 3207
0 3208
0 3209
0 3210
0 3211
0 3212
0 3213
0 3214
0 3215
0 3216
0 3217
0 3218
0 3219
0 3220
0 3221
0 3222
0 3223
0 3224
0 3225
0 3226
4.61176 3227
3.1389 3228
6.30311 3229
5.05537 3230
2.8695 3231
3.22232 3232
5.20381 3233
0 3234
0 3235
0 3236
0 3237
0 3238
0 3239
0 3240
0 3241
0 3242
0 3243
0 3244
0 3245
0 3246
0 3247
0 3248
4.33043 3249
17.3165 3250
7.03812 3251
5.77853 3252
0 3253
0 3254
0 3255
0 3256
10.634 3257
7.51373 3258
0 3259
0 3260
0 3261
0 3262
0 3263
0 3264
0.219627 3265
0 3266
0 3267
0 3268
0 3269
0 3270
0 3271
4.05088 3272
0 3273
0 3274
0 3275
0 3276
0 3277
2.90864 3278
11.5513 3279
0 3280
0 3281
0 3282
6.55723 3283
0 3284
0 3285
0 3286
0 3287
0 3288
9.80068 3289
4.79378 3290
0 3291
0 3292
0 3293
0 3294
0 3295
0.216572 3296
0 3297
0 3298
0 3299
0 3300
0 3301
0 3302
0 3303
0 3304
0 3305
0 3306
0 3307
0 3308
0 3309
0 3310
0 3311
0 3312
0 3313
0 3314
0 3315
0 3316
0 3317
0 3318
0 3319
0 3320
0 3321
0 3322
0 3323
0 3324
0 3325
0 3326
0 3327
0 3328
0 3329
0 3330
0 3331
0 3332
0 3333
0 3334
0 3335
0 3336
0 3337
0 3338
0 3339
0 3340
0 3341
0 3342
0 3343
0 3344
0 3345
0 3346
0 3347
0 3348
0 3349
0 3350
0 3351
0 3352
9.28486 3353
5.23478 3354
0 3355
0 3356
0 3357
0 3358
0 3359
15.1536 3360
16.4226 3361
15.8138 3362
16.4 3363
7.6837 3364
0.864207 3365
0 3366
6.64242 3367
1.46387 3368
0 3369
0.0787796 3370
0 3371
0 3372
0 3373
0 3374
0 3375
0 3376
0 3377
0 3378
0 3379
0 3380
0 3381
0 3382
0 3383
0 3384
2.69394 3385
0 3386
0 3387
0 3388
0 3389
10.5351 3390
17.266 3391
19.0974 3392
0 3393
0 3394
0 3395
1.89017 3396
6.67721 3397
14.0358 3398
21.3101 3399
0 3400
0 3401
0 3402
0 3403
0 3404
0 3405
0 3406
0 3407
0 3408
0 3409
0 3410
0 3411
0 3412
0 3413
0 3414
0 3415
0 3416
0 3417
0 3418
0 3419
0 3420
0 3421
0 3422
0 3423
0 3424
0 3425
0 3426
0 3427
0 3428
0 3429
0 3430
0 3431
0 3432
0 3433
0 3434
0 3435
0 3436
0 3437
0 3438
0 3439
0 3440
0 3441
0 3442
0 3443
0 3444
0 3445
0 3446
0 3447
0 3448
0 3449
0 3450
0.551221 3451
0 3452
0 3453
0 3454
0 3455
0 3456
0 3457
0 3458
0 3459
0 3460
0 3461
0 3462
0 3463
0 3464
0 3465
0 3466
0 3467
0 3468
0 3469
0 3470
0 3471
0 3472
0 3473
2.12736 3474
8.20482 3475
6.4444 3476
0 3477
0 3478
0 3479
0 3480
0 3481
0 3482
0 3483
0 3484
0 3485
0 3486
0 3487
0 3488
0 3489
0 3490
0 3491
0 3492
2.08582 3493
0 3494
0 3495
0 3496
0 3497
7.82854 3498
3.96768 3499
15.7123 3500
12.7126 3501
7.1733 3502
12.335 3503
16.7302 3504
20.9095 3505
14.6928 3506
13.9515 3507
11.6473 3508
4.93255 3509
8.45523 3510
10.247 3511
12.8272 3512
8.75873 3513
1.03977 3514
0 3515
0 3516
0 3517
0 3518
2.0879 3519
0.376559 3520
0 3521
0 3522
0 3523
0 3524
0 3525
0 3526
0 3527
0 3528
0 3529
0 3530
0 3531
0 3532
0 3533
0 3534
0 3535
0 3536
0 3537
0 3538
0.686389 3539
11.6472 3540
0 3541
22.5676 3542
27.5839 3543
0 3544
0 3545
21.2066 3546
34.4234 3547
1.64253 3548
13.7114 3549
14.5881 3550
0 3551
0 3552
5.38241 3553
10.3967 3554
0 3555
0 3556
0 3557
0 3558
0 3559
0 3560
0 3561
0 3562
0 3563
0 3564
0 3565
0 3566
0 3567
0 3568
0 3569
0 3570
0 3571
0 3572
5.97254 3573
0 3574
0 3575
0 3576
0 3577
0 3578
0 3579
0 3580
0 3581
0 3582
0 3583
0 3584
0 3585
0 3586
0 3587
0 3588
0 3589
0 3590
0 3591
0 3592
0 3593
0 3594
1.47443 3595
0 3596
0 3597
0 3598
2.78027 3599
2.91862 3600
10.5285 3601
19.6055 3602
5.43573 3603
0 3604
0 3605
5.82265 3606
8.84899 3607
12.9602 3608
15.1904 3609
4.76733 3610
0 3611
0 3612
0 3613
0 3614
0 3615
0 3616
0 3617
0 3618
0 3619
0 3620
0 3621
1.64055 3622
0 3623
0 3624
0 3625
0 3626
0 3627
0 3628
0 3629
0 3630
0 3631
0 3632
0 3633
0 3634
0 3635
0 3636
0 3637
0 3638
0 3639
0 3640
0 3641
0 3642
0 3643
0 3644
0 3645
0 3646
0 3647
0 3648
0 3649
0 3650
0 3651
0 3652
0 3653
0 3654
0 3655
2.77286 3656
4.21157 3657
0 3658
0 3659
0 3660
0 3661
1.1245 3662
6.90749 3663
12.5602 3664
8.22685 3665
0.468091 3666
0 3667
0 3668
0 3669
0 3670
2.20706 3671
2.74069 3672
0.423429 3673
0 3674
27.2015 3675
11.6393 3676
0 3677
0 3678
15.4111 3679
34.2183 3680
33.8156 3681
26.6027 3682
0 3683
0 3684
0 3685
2.13145 3686
26.5341 3687
34.8589 3688
14.6652 3689
0 3690
0 3691
0 3692
0 3693
10.3798 3694
21.8097 3695
10.1204 3696
0 3697
0 3698
0 3699
0 3700
14.4637 3701
13.4214 3702
15.7524 3703
6.2503 3704
2.52854 3705
0 3706
5.52968 3707
14.4024 3708
6.53872 3709
33.5747 3710
32.7006 3711
31.4169 3712
22.0316 3713
19.6315 3714
20.2484 3715
10.262 3716
22.5988 3717
22.7737 3718
22.5673 3719
13.2316 3720
10.4221 3721
10.5947 3722
4.78011 3723
0 3724
0 3725
0 3726
0 3727
0 3728
0 3729
0 3730
0 3731
0 3732
0 3733
0 3734
0 3735
0 3736
0 3737
0 3738
0 3739
0 3740
0 3741
0 3742
0 3743
0 3744
0 3745
5.39437 3746
18.5044 3747
23.1932 3748
17.2575 3749
0 3750
0 3751
0 3752
10.7587 3753
22.4591 3754
26.7123 3755
16.9561 3756
0 3757
0 3758
0 3759
0 3760
0 3761
2.00625 3762
1.40629 3763
0 3764
0 3765
0 3766
0 3767
0 3768
0 3769
0 3770
0 3771
0 3772
0 3773
0 3774
0 3775
0 3776
0 3777
0 3778
0 3779
0 3780
0 3781
0 3782
0 3783
0 3784
0 3785
0 3786
0 3787
0 3788
0 3789
0 3790
0 3791
0 3792
0 3793
0 3794
0 3795
0 3796
0 3797
0 3798
0 3799
0 3800
0 3801
0 3802
0 3803
0 3804
0 3805
0 3806
0 3807
0 3808
0 3809
0 3810
0 3811
0 3812
0 3813
0 3814
0 3815
0 3816
0 3817
0 3818
0 3819
0 3820
0 3821
9.00918 3822
10.0207 3823
16.2006 3824
17.9019 3825
12.1947 3826
19.4665 3827
16.3666 3828
7.07997 3829
2.95151 3830
5.98128 3831
3.94258 3832
0 3833
10.5721 3834
11.5932 3835
0 3836
0 3837
0 3838
0 3839
0 3840
0 3841
0 3842
0 3843
0 3844
0 3845
0 3846
0 3847
0 3848
0 3849
0.767512 3850
2.00416 3851
0 3852
0 3853
8.35837 3854
5.06082 3855
0 3856
13.5959 3857
17.9343 3858
12.5547 3859
9.904 3860
16.5247 3861
8.90963 3862
0 3863
12.7178 3864
13.4903 3865
9.1863 3866
3.14239 3867
2.36117 3868
1.68958 3869
0 3870
2.5492 3871
0 3872
0 3873
0 3874
0 3875
0 3876
0.455311 3877
0 3878
0 3879
0 3880
0 3881
0 3882
0 3883
0 3884
0 3885
0 3886
0 3887
0 3888
0 3889
0 3890
0 3891
0 3892
0 3893
0 3894
0 3895
0 3896
0 3897
0 3898
0 3899
0 3900
3.42791 3901
7.10064 3902
1.61497 3903
0 3904
0 3905
0 3906
0 3907
0.293334 3908
2.4887 3909
0.762172 3910
0 3911
0 3912
0 3913
0 3914
0 3915
0 3916
0 3917
0.296666 3918
0 3919
18.1179 3920
11.5634 3921
0 3922
0 3923
0 3924
0 3925
0 3926
2.32103 3927
0 3928
0 3929
0 3930
0 3931
0 3932
0.0738048 3933
0 3934
0 3935
0 3936
0 3937
0 3938
0 3939
0 3940
0 3941
0 3942
0 3943
0 3944
0 3945
0 3946
0 3947
0 3948
0 3949
0 3950
0 3951
0 3952
6.74712 3953
0 3954
26.5314 3955
28.9308 3956
40.2616 3957
43.283 3958
40.5468 3959
33.8717 3960
19.3041 3961
26.8825 3962
30.603 3963
46.25 3964
45.3717 3965
36.9204 3966
28.7825 3967
19.4165 3968
40.2916 3969
11.8597 3970
0.0263835 3971
0 3972
0 3973
22.5263 3974
35.4519 3975
26.6967 3976
0 3977
0 3978
0 3979
0 3980
4.95142 3981
32.5839 3982
3.61794 3983
0 3984
0 3985
0 3986
0 3987
0 3988
13.4553 3989
0 3990
0 3991
0 3992
0 3993
0 3994
0 3995
0.650815 3996
0 3997
0 3998
0 3999
0 4000
0 4001
0 4002
2.94935 4003
0 4004
0 4005
0 4006
0 4007
0 4008
3.76128 4009
7.74155 4010
0 4011
0 4012
0 4013
0 4014
0 4015
5.73998 4016
4.51662 4017
0 4018
0 4019
36.5477 4020
46.8978 4021
11.6333 4022
0 4023
0 4024
0 4025
0 4026
14.9617 4027
17.7671 4028
0.646818 4029
0 4030
0 4031
0 4032
0 4033
0 4034
0 4035
0 4036
0 4037
0 4038
0 4039
0 4040
0 4041
0 4042
0 4043
0 4044
0 4045
0 4046
0 4047
0 4048
0 4049
0 4050
0 4051
0 4052
0 4053
0 4054
0 4055
0 4056
0 4057
0 4058
0 4059
0 4060
0 4061
0 4062
0 4063
0 4064
0 4065
0 4066
0 4067
0 4068
0 4069
0 4070
0 4071
0 4072
0 4073
0 4074
0 4075
0 4076
0 4077
0 4078
0 4079
0 4080
0 4081
0 4082
0 4083
0 4084
0 4085
0 4086
0 4087
0 4088
0 4089
0 4090
0 4091
0 4092
0 4093
0 4094
0 4095
0 4096
5.55715 4097
0 4098
0 4099
0 4100
0 4101
0 4102
0 4103
8.13576 4104
0 4105
0 4106
0 4107
0 4108
0 4109
0 4110
8.94473 4111
0.346794 4112
0 4113
0 4114
0 4115
0 4116
0 4117
0 4118
0 4119
0 4120
5.55979 4121
1.46455 4122
10.9203 4123
0 4124
0 4125
0 4126
0 4127
26.8748 4128
16.1225 4129
47.7939 4130
22.2695 4131
0 4132
0 4133
0 4134
57.5548 4135
38.3328 4136
53.9802 4137
29.5131 4138
0 4139
0 4140
0 4141
49.2919 4142
37.0625 4143
34.0105 4144
15.6924 4145
0 4146
0 4147
0 4148
25.7026 4149
21.8986 4150
0.16761 4151
0 4152
0 4153
0 4154
0 4155
3.27191 4156
5.7203 4157
0 4158
0 4159
0 4160
0 4161
0 4162
0 4163
0 4164
0 4165
0 4166
0 4167
0 4168
0 4169
0 4170
0 4171
0 4172
0 4173
0 4174
0 4175
0 4176
0 4177
0 4178
0 4179
0 4180
1.46812 4181
14.4101 4182
25.2895 4183
9.66905 4184
0 4185
0 4186
1.57081 4187
2.13536 4188
18.0357 4189
31.4436 4190
16.7148 4191
0 4192
0 4193
0 4194
0 4195
0 4196
6.00511 4197
3.879 4198
0 4199
0 4200
0 4201
0 4202
0 4203
0 4204
0 4205
0 4206
0 4207
0 4208
0 4209
0 4210
0 4211
0 4212
0 4213
0 4214
0 4215
0.496666 4216
0 4217
0 4218
0 4219
0 4220
2.60711 4221
8.39595 4222
11.8979 4223
6.4851 4224
0.16277 4225
0 4226
0 4227
0 4228
0 4229
0 4230
0.688821 4231
0 4232
0 4233
0 4234
0 4235
0 4236
0 4237
0 4238
0 4239
0 4240
0 4241
0 4242
0 4243
0 4244
0 4245
0 4246
0 4247
0 4248
0 4249
0 4250
0 4251
0 4252
0 4253
0 4254
0 4255
0 4256
0 4257
0 4258
0 4259
0 4260
0 4261
0 4262
0 4263
0 4264
0 4265
0 4266
0 4267
0 4268
0 4269
0 4270
0 4271
0 4272
0 4273
0 4274
0 4275
0 4276
0 4277
0 4278
0 4279
7.17043 4280
8.83136 4281
0 4282
0 4283
0 4284
0 4285
0 4286
0 4287
0 4288
0 4289
0 4290
0 4291
0 4292
0 4293
0 4294
0 4295
0 4296
0 4297
0 4298
0 4299
0 4300
0 4301
0 4302
0 4303
0 4304
0 4305
0 4306
0 4307
0 4308
0 4309
0 4310
0 4311
2.49067 4312
15.5235 4313
19.5111 4314
19.1279 4315
15.5068 4316
9.38932 4317
0 4318
4.81752 4319
15.8402 4320
30.3523 4321
32.4532 4322
17.1006 4323
9.43397 4324
4.66478 4325
0 4326
0 4327
10.227 4328
5.74265 4329
0 4330
0 4331
0 4332
0 4333
0 4334
0 4335
0 4336
0 4337
0 4338
0 4339
0 4340
0 4341
0 4342
0 4343
0 4344
0 4345
0 4346
0 4347
0 4348
3.19426 4349
3.09505 4350
0 4351
0 4352
0 4353
6.00397 4354
7.75939 4355
14.764 4356
12.5662 4357
6.86606 4358
3.24824 4359
0 4360
0 4361
0 4362
0 4363
0 4364
0 4365
0 4366
0 4367
0.229625 4368
0.438084 4369
0.869199 4370
0 4371
0 4372
0 4373
0 4374
0 4375
2.08992 4376
2.31885 4377
0 4378
0 4379
0 4380
0 4381
0 4382
0 4383
0 4384
0 4385
0 4386
0 4387
0 4388
0 4389
0 4390
0 4391
0 4392
0 4393
0 4394
0 4395
0 4396
0 4397
0 4398
0 4399
0 4400
0 4401
0 4402
0 4403
0 4404
0 4405
0 4406
0 4407
0 4408
0 4409
0 4410
0 4411
0 4412
0 4413
0 4414
0 4415
0 4416
0 4417
0 4418
0 4419
0 4420
0 4421
0 4422
0.890222 4423
0 4424
0 4425
0 4426
0 4427
0 4428
0 4429
0 4430
0 4431
0 4432
0 4433
0 4434
0 4435
0 4436
0 4437
0 4438
0 4439
0 4440
0 4441
0 4442
0 4443
0 4444
0 4445
0 4446
0 4447
0 4448
0 4449
0 4450
0 4451
0 4452
0.239205 4453
0.500779 4454
0 4455
0 4456
0 4457
0 4458
0 4459
0 4460
0 4461
4.39539 4462
0 4463
0 4464
0 4465
0 4466
0 4467
0 4468
0 4469
0 4470
0 4471
0 4472
0 4473
0 4474
0 4475
0 4476
0 4477
0 4478
0 4479
0 4480
0 4481
0 4482
0 4483
0 4484
0 4485
0 4486
0 4487
0 4488
0 4489
0 4490
0 4491
0 4492
0 4493
0 4494
0 4495
0 4496
0 4497
0 4498
0 4499
0 4500
0 4501
0 4502
0 4503
0 4504
0 4505
0 4506
0 4507
0 4508
0 4509
0 4510
0 4511
0 4512
0 4513
0 4514
0 4515
0 4516
0 4517
0 4518
0 4519
0 4520
0 4521
0 4522
0 4523
0 4524
0 4525
0 4526
0 4527
0 4528
0 4529
0 4530
0 4531
0 4532
0 4533
0 4534
0 4535
0 4536
0 4537
0 4538
0 4539
0 4540
0 4541
0 4542
1.60355 4543
0 4544
0 4545
0 4546
0 4547
0 4548
0 4549
8.70432 4550
3.17027 4551
0.413117 4552
0 4553
0 4554
0 4555
0 4556
0 4557
0 4558
0 4559
0 4560
0 4561
0 4562
0 4563
0 4564
0 4565
0 4566
0 4567
0 4568
0 4569
0 4570
0 4571
0 4572
0 4573
0 4574
0 4575
0 4576
0 4577
0 4578
0 4579
0 4580
0 4581
0 4582
1.94058 4583
0 4584
0 4585
0 4586
0 4587
8.41172 4588
9.41633 4589
6.02408 4590
0 4591
2.48305 4592
5.61393 4593
12.2026 4594
21.1393 4595
18.7806 4596
11.6549 4597
3.55721 4598
0 4599
4.53527 4600
8.24909 4601
12.7696 4602
14.3607 4603
10.0067 4604
2.9951 4605
0 4606
0 4607
0 4608
0 4609
0 4610
0 4611
0 4612
0 4613
0 4614
0 4615
0 4616
0 4617
0 4618
0 4619
0 4620
0 4621
1.37663 4622
4.82884 4623
8.5962 4624
4.73585 4625
4.30269 4626
0 4627
0 4628
0 4629
3.11706 4630
10.0965 4631
6.85878 4632
6.20571 4633
4.01566 4634
0.0600583 4635
0 4636
0 4637
0 4638
0.441904 4639
3.79196 4640
5.35832 4641
0.377804 4642
0 4643
0 4644
0 4645
0 4646
0.367239 4647
1.84578 4648
0 4649
0 4650
0 4651
0 4652
0 4653
0 4654
0 4655
0 4656
0 4657
0 4658
0 4659
0 4660
0 4661
0 4662
0 4663
0 4664
0 4665
0 4666
0 4667
0 4668
0 4669
0 4670
0 4671
0 4672
0 4673
0 4674
0 4675
6.09938 4676
20.181 4677
0 4678
2.40352 4679
18.1907 4680
0 4681
0 4682
0 4683
0.145525 4684
0 4685
0 4686
0 4687
0 4688
0 4689
0 4690
0 4691
0 4692
0 4693
0 4694
0 4695
0 4696
0 4697
0 4698
0 4699
0 4700
0 4701
0 4702
0 4703
0 4704
0 4705
0 4706
0 4707
0 4708
0 4709
0 4710
0 4711
0 4712
0 4713
0 4714
0 4715
0 4716
0 4717
0 4718
0 4719
0 4720
0 4721
0 4722
0 4723
0 4724
0 4725
0 4726
0 4727
0 4728
0 4729
0 4730
0 4731
0 4732
0 4733
0 4734
0 4735
0 4736
0 4737
0 4738
0 4739
0 4740
0 4741
0 4742
0 4743
0 4744
0 4745
0 4746
0 4747
0 4748
0 4749
0 4750
0 4751
0 4752
0 4753
0 4754
0 4755
0 4756
0 4757
0 4758
0 4759
0 4760
0 4761
0 4762
0 4763
0 4764
0 4765
0 4766
0 4767
0 4768
0 4769
0 4770
0 4771
0 4772
0 4773
0 4774
0 4775
0 4776
0 4777
0 4778
0 4779
0 4780
0 4781
0 4782
0 4783
0 4784
0 4785
0 4786
0 4787
0 4788
0 4789
0 4790
0 4791
0 4792
0 4793
0 4794
0 4795
0 4796
0 4797
0 4798
0 4799
0 4800
0 4801
0 4802
0 4803
0 4804
0 4805
0 4806
0 4807
0 4808
0 4809
0 4810
0 4811
0 4812
0 4813
0 4814
0 4815
0 4816
0 4817
0 4818
0 4819
0 4820
0 4821
0 4822
5.37747 4823
7.26463 4824
0 4825
0 4826
6.30227 4827
10.4417 4828
3.11496 4829
4.55321 4830
8.97299 4831
0 4832
0 4833
4.15195 4834
9.18731 4835
0 4836
0 4837
0 4838
0 4839
0 4840
0 4841
0.1638 4842
0 4843
0 4844
0 4845
0 4846
0 4847
0 4848
0.291386 4849
0 4850
0 4851
0 4852
0 4853
0 4854
0 4855
0 4856
0 4857
0 4858
0 4859
0 4860
0 4861
0 4862
0 4863
0 4864
0 4865
0 4866
0 4867
0 4868
0 4869
0 4870
0 4871
0 4872
10.5561 4873
11.1915 4874
0 4875
0 4876
0 4877
0 4878
5.60286 4879
5.40928 4880
0 4881
0 4882
0 4883
0 4884
0 4885
0 4886
0 4887
0 4888
0 4889
0 4890
0 4891
0 4892
0 4893
0 4894
0 4895
0 4896
0 4897
0 4898
0 4899
0 4900
0 4901
0 4902
0 4903
0 4904
0 4905
0 4906
0 4907
0 4908
0 4909
0 4910
0 4911
0 4912
0 4913
0 4914
0 4915
0 4916
0 4917
0 4918
0 4919
0 4920
1.97091 4921
14.8344 4922
0 4923
0.263148 4924
9.96252 4925
0 4926
0 4927
0.534676 4928
10.9071 4929
0.444856 4930
0 4931
0 4932
0 4933
0 4934
0 4935
0 4936
0 4937
0 4938
0 4939
0 4940
0 4941
0 4942
0 4943
0 4944
0 4945
0 4946
0 4947
0 4948
0 4949
0 4950
0 4951
0 4952
0 4953
0 4954
0 4955
0 4956
0 4957
0 4958
0 4959
0 4960
0 4961
0 4962
0 4963
0 4964
0 4965
0 4966
0 4967
0 4968
0 4969
0 4970
0 4971
0 4972
0 4973
0 4974
0 4975
0 4976
0 4977
0 4978
0 4979
0 4980
0 4981
0 4982
0 4983
0.607884 4984
0 4985
0 4986
0 4987
0 4988
0 4989
0 4990
0 4991
0 4992
0 4993
0 4994
0 4995
0 4996
0 4997
0 4998
0 4999
0 5000
0 5001
0 5002
0 5003
0 5004
0 5005
0 5006
0 5007
0 5008
0 5009
0 5010
0 5011
6.09232 5012
0 5013
0 5014
0 5015
0 5016
1.81867 5017
4.80041 5018
21.422 5019
3.16688 5020
0 5021
0 5022
0 5023
17.6548 5024
10.3271 5025
13.6851 5026
0 5027
0 5028
0 5029
0 5030
3.54981 5031
0 5032
0 5033
0 5034
0 5035
0 5036
0 5037
0 5038
0 5039
0 5040
0 5041
0 5042
0 5043
0 5044
0 5045
0 5046
16.4443 5047
16.9203 5048
0.851267 5049
0 5050
2.69247 5051
12.2747 5052
2.98344 5053
21.4981 5054
15.8776 5055
0 5056
0 5057
2.05881 5058
18.0643 5059
10.023 5060
10.0689 5061
0 5062
0 5063
0 5064
0 5065
5.88571 5066
6.58746 5067
0 5068
0 5069
0 5070
0 5071
0 5072
0 5073
0 5074
0 5075
0 5076
0 5077
0 5078
0 5079
0 5080
0 5081
0 5082
0 5083
0 5084
0 5085
0 5086
0 5087
0 5088
0 5089
0 5090
0 5091
0 5092
0 5093
0 5094
0 5095
0 5096
0 5097
0 5098
0 5099
0 5100
0 5101
0 5102
0 5103
0 5104
0 5105
0 5106
0 5107
0 5108
0 5109
0 5110
0 5111
0 5112
0 5113
5.45285 5114
0 5115
0 5116
8.513 5117
11.1285 5118
0 5119
0 5120
0 5121
0 5122
0 5123
6.64575 5124
4.95596 5125
0 5126
0 5127
0 5128
0 5129
0 5130
0 5131
0 5132
0 5133
0 5134
0 5135
0 5136
0 5137
0 5138
0 5139
0 5140
0 5141
0 5142
0 5143
0 5144
0 5145
0 5146
0 5147
0 5148
0 5149
15.5812 5150
40.7999 5151
0 5152
0 5153
0 5154
0 5155
0 5156
18.3361 5157
54.8485 5158
0 5159
0 5160
0 5161
0 5162
0 5163
4.4185 5164
48.5169 5165
0 5166
0 5167
0 5168
0 5169
0 5170
0 5171
37.8085 5172
0 5173
0 5174
0 5175
0 5176
0 5177
0 5178
33.7336 5179
0 5180
0 5181
0 5182
0 5183
0 5184
10.4384 5185
36.3063 5186
0 5187
0 5188
3.85736 5189
0.377907 5190
0 5191
8.58198 5192
31.2643 5193
0 5194
0 5195
0 5196
0 5197
0 5198
0 5199
0 5200
0 5201
0 5202
0 5203
0 5204
0 5205
0 5206
0 5207
0 5208
0 5209
0 5210
0 5211
0 5212
0 5213
0 5214
0 5215
0 5216
0 5217
0 5218
0 5219
0 5220
0 5221
0 5222
0 5223
0 5224
0 5225
0 5226
0 5227
0 5228
0 5229
0 5230
0 5231
0 5232
1.96256 5233
0 5234
0 5235
4.82062 5236
5.62449 5237
4.18487 5238
6.17122 5239
5.116 5240
1.40174 5241
0 5242
1.37389 5243
1.70288 5244
3.89829 5245
1.72203 5246
0 5247
0 5248
0 5249
0 5250
0 5251
0 5252
0 5253
0 5254
0 5255
0 5256
0 5257
0 5258
0 5259
0 5260
0 5261
0 5262
0 5263
0 5264
0 5265
0 5266
0 5267
0 5268
0 5269
0 5270
0 5271
0 5272
0 5273
0 5274
0 5275
0 5276
0 5277
0 5278
0 5279
0 5280
0 5281
0 5282
0 5283
0 5284
0 5285
0 5286
0 5287
0 5288
0 5289
0 5290
0 5291
0 5292
0 5293
0 5294
0 5295
0 5296
0 5297
0 5298
0 5299
0 5300
0 5301
0 5302
0 5303
0 5304
0 5305
0 5306
0 5307
0 5308
0 5309
0 5310
0 5311
0 5312
0 5313
0 5314
0 5315
0 5316
0 5317
0 5318
0 5319
0 5320
0 5321
0 5322
0 5323
0 5324
0 5325
0 5326
3.57465 5327
7.56338 5328
11.4422 5329
10.9279 5330
10.3342 5331
5.88618 5332
0.876901 5333
12.013 5334
11.838 5335
9.28902 5336
7.07448 5337
5.36823 5338
4.54643 5339
3.07505 5340
0 5341
0 5342
0 5343
0 5344
0 5345
0 5346
0 5347
0 5348
0 5349
0 5350
0 5351
0 5352
0 5353
0 5354
0 5355
0 5356
0 5357
0 5358
0 5359
0 5360
0 5361
0 5362
0 5363
0 5364
0 5365
0 5366
0 5367
0 5368
0 5369
0 5370
0 5371
0 5372
0 5373
0 5374
0 5375
0 5376
0 5377
0 5378
0 5379
0 5380
0 5381
0 5382
0 5383
0 5384
0 5385
0 5386
0 5387
0 5388
0 5389
0 5390
0 5391
0 5392
0 5393
0 5394
0 5395
0 5396
0 5397
0 5398
0 5399
0 5400
0 5401
0 5402
0 5403
0 5404
0 5405
0 5406
0 5407
0 5408
0 5409
0 5410
0 5411
0 5412
0 5413
0 5414
0 5415
0 5416
0 5417
0 5418
0 5419
0 5420
0 5421
0 5422
0 5423
0 5424
0 5425
0 5426
0 5427
0 5428
0 5429
0 5430
0 5431
0 5432
0 5433
0 5434
0 5435
1.96207 5436
0 5437
0 5438
0 5439
0 5440
0 5441
0 5442
0 5443
0 5444
0 5445
0 5446
0 5447
0 5448
0 5449
0 5450
0 5451
0 5452
0 5453
0 5454
0 5455
0 5456
0 5457
0 5458
0 5459
0 5460
0 5461
0 5462
0 5463
0 5464
0 5465
0 5466
0 5467
0 5468
0 5469
0 5470
0 5471
0 5472
0 5473
8.41737 5474
6.66023 5475
2.89991 5476
3.9438 5477
4.21985 5478
0 5479
0 5480
6.05472 5481
3.42959 5482
1.69764 5483
1.81165 5484
0.217295 5485
0 5486
0 5487
24.3305 5488
13.3054 5489
0 5490
0 5491
0 5492
12.6449 5493
10.8629 5494
28.4269 5495
15.747 5496
7.55456 5497
0 5498
0 5499
13.2058 5500
13.6855 5501
21.6926 5502
14.1052 5503
13.7006 5504
3.67766 5505
0 5506
11.879 5507
10.15 5508
11.6355 5509
8.3255 5510
15.494 5511
8.3763 5512
0 5513
10.0663 5514
11.7311 5515
7.43772 5516
7.04799 5517
12.5566 5518
9.04368 5519
4.02397 5520
9.42477 5521
9.78703 5522
5.23483 5523
3.76092 5524
7.2494 5525
8.59516 5526
10.042 5527
11.0867 5528
9.99485 5529
1.98782 5530
1.27977 5531
0.857392 5532
0 5533
3.57337 5534
4.09569 5535
2.49112 5536
0 5537
0 5538
0 5539
0 5540
0 5541
0 5542
0 5543
0 5544
0 5545
0 5546
0 5547
0 5548
0 5549
0 5550
0 5551
0 5552
0 5553
0 5554
1.56889 5555
0 5556
0 5557
0 5558
0 5559
7.75186 5560
22.6639 5561
12.1365 5562
0 5563
0 5564
0 5565
0 5566
26.8465 5567
42.3518 5568
18.2534 5569
0 5570
0 5571
0 5572
0 5573
12.1423 5574
24.1547 5575
4.10065 5576
0 5577
0 5578
0 5579
0 5580
0 5581
4.94871 5582
0 5583
0 5584
0 5585
0 5586
0 5587
8.07255 5588
7.66895 5589
0.526149 5590
0 5591
0 5592
0 5593
0 5594
0 5595
0 5596
0 5597
0 5598
0 5599
0 5600
0 5601
0 5602
0 5603
0 5604
0 5605
0 5606
0 5607
0 5608
0 5609
0 5610
0 5611
0 5612
0 5613
0 5614
0 5615
0 5616
0 5617
0 5618
0 5619
0 5620
0 5621
0 5622
0 5623
0 5624
0 5625
0 5626
0 5627
0 5628
0 5629
0 5630
0 5631
0 5632
0 5633
0 5634
0 5635
0 5636
0 5637
0 5638
0 5639
0 5640
0 5641
0 5642
0 5643
0 5644
0 5645
0 5646
0 5647
0 5648
0 5649
0 5650
0 5651
0 5652
15.894 5653
0 5654
0 5655
0 5656
0 5657
0 5658
0 5659
0.708159 5660
0 5661
0 5662
0 5663
0 5664
0 5665
0 5666
0 5667
0 5668
0 5669
0 5670
0 5671
0 5672
0 5673
0 5674
0 5675
0 5676
0 5677
0 5678
0 5679
0 5680
0 5681
0 5682
0 5683
23.6541 5684
34.6322 5685
41.3838 5686
45.0016 5687
37.7908 5688
32.3507 5689
16.7872 5690
27.2049 5691
28.3283 5692
28.523 5693
28.4514 5694
20.841 5695
25.754 5696
15.0607 5697
8.36542 5698
4.82951 5699
7.67158 5700
7.28152 5701
0 5702
4.3475 5703
1.7101 5704
0 5705
0 5706
0 5707
0.955215 5708
0 5709
0 5710
0 5711
0 5712
0 5713
13.958 5714
21.5299 5715
12.7113 5716
7.91975 5717
2.51514 5718
14.5935 5719
25.0313 5720
43.0521 5721
46.1573 5722
35.3084 5723
23.0227 5724
11.933 5725
11.9996 5726
16.8793 5727
25.3563 5728
23.4362 5729
17.5877 5730
10.2318 5731
4.37259 5732
0 5733
0 5734
0 5735
0 5736
0 5737
0 5738
6.20834 5739
0 5740
0 5741
0 5742
0 5743
0 5744
0 5745
4.16448 5746
0 5747
0 5748
0 5749
0 5750
0 5751
0 5752
0 5753
0 5754
0 5755
0 5756
0 5757
0 5758
0 5759
0.338052 5760
0 5761
0 5762
0 5763
0 5764
0 5765
0 5766
0 5767
0 5768
0 5769
0 5770
0 5771
0 5772
0 5773
0 5774
0 5775
0 5776
0 5777
0 5778
0 5779
0.521086 5780
0 5781
0 5782
0.897834 5783
17.1549 5784
11.8986 5785
0 5786
0 5787
0 5788
0 5789
0 5790
0 5791
0 5792
0 5793
0 5794
0 5795
0 5796
0 5797
0 5798
0 5799
0 5800
0 5801
0 5802
0 5803
0 5804
0 5805
0 5806
0 5807
0 5808
0 5809
0 5810
0 5811
0 5812
0 5813
0 5814
0 5815
0 5816
0 5817
0 5818
0 5819
0 5820
0 5821
0 5822
0 5823
0 5824
0 5825
0 5826
0 5827
0 5828
0 5829
0 5830
0 5831
0 5832
0 5833
0 5834
0 5835
0 5836
0 5837
0 5838
0 5839
0 5840
0 5841
0 5842
0 5843
0 5844
0 5845
0 5846
7.22915 5847
7.00159 5848
0 5849
0 5850
0 5851
0 5852
0 5853
0 5854
0 5855
0 5856
0 5857
0 5858
0 5859
0 5860
0 5861
0 5862
0 5863
0 5864
0 5865
0 5866
0 5867
0 5868
3.62291 5869
0.711468 5870
0 5871
0 5872
0 5873
0 5874
0.840888 5875
9.52368 5876
8.28088 5877
2.65563 5878
0 5879
1.05122 5880
1.31654 5881
0 5882
0 5883
0 5884
5.57858 5885
2.97079 5886
11.9605 5887
2.6757 5888
0 5889
0 5890
0 5891
7.02909 5892
11.3704 5893
27.1295 5894
7.18355 5895
0 5896
0 5897
0 5898
7.51087 5899
17.5497 5900
23.6991 5901
8.99338 5902
7.48863 5903
0 5904
0 5905
9.28178 5906
20.5213 5907
0.173555 5908
0 5909
15.26 5910
7.81932 5911
0 5912
0.150608 5913
12.3313 5914
3.91738 5915
12.7312 5916
48.2871 5917
46.3258 5918
24.2274 5919
12.0533 5920
13.2042 5921
0 5922
4.58869 5923
31.1642 5924
29.2509 5925
13.7738 5926
2.0454 5927
1.51796 5928
0 5929
0 5930
0 5931
0 5932
0 5933
0 5934
0 5935
0 5936
0 5937
0 5938
0 5939
0 5940
0 5941
0 5942
0 5943
0 5944
0 5945
0 5946
0 5947
0 5948
0 5949
0 5950
0 5951
0 5952
0 5953
0 5954
0 5955
0 5956
0 5957
0 5958
0 5959
0 5960
0 5961
0 5962
0 5963
0 5964
0 5965
0 5966
0 5967
0 5968
0 5969
0 5970
0 5971
1.76003 5972
0 5973
0.933196 5974
4.59483 5975
2.72855 5976
0 5977
0 5978
0 5979
0 5980
0 5981
0 5982
0 5983
0 5984
0 5985
0 5986
0 5987
0 5988
0 5989
0 5990
0 5991
0 5992
0 5993
0 5994
0 5995
0 5996
0 5997
0 5998
0 5999
0 6000
0 6001
0 6002
0 6003
0 6004
0 6005
0 6006
0 6007
0 6008
0 6009
0 6010
0 6011
0 6012
0 6013
0 6014
12.9334 6015
16.4345 6016
9.23335 6017
0.254623 6018
0 6019
0 6020
6.96422 6021
19.8067 6022
23.7242 6023
17.8103 6024
6.8206 6025
0 6026
5.26753 6027
1.31361 6028
0 6029
0 6030
0 6031
0 6032
0 6033
9.16843 6034
7.24048 6035
0 6036
0 6037
0 6038
0 6039
0 6040
11.0341 6041
21.0168 6042
18.6596 6043
0 6044
0 6045
0 6046
0 6047
6.15459 6048
29.7137 6049
36.1476 6050
0 6051
0 6052
0 6053
0 6054
0 6055
17.6212 6056
31.3457 6057
0 6058
0 6059
0 6060
0 6061
0 6062
0 6063
9.73815 6064
0 6065
0 6066
0 6067
0 6068
0 6069
0 6070
0 6071
0 6072
0 6073
0 6074
0 6075
0 6076
0 6077
0 6078
0 6079
0 6080
0 6081
0 6082
0 6083
0 6084
0 6085
0 6086
0 6087
3.57881 6088
0 6089
0 6090
0 6091
0 6092
0 6093
0 6094
16.3439 6095
0 6096
0 6097
0 6098
0 6099
0 6100
0 6101
8.94593 6102
0 6103
0 6104
0 6105
0 6106
0 6107
0 6108
3.03542 6109
0 6110
0 6111
0 6112
0 6113
0 6114
0 6115
0.116766 6116
0 6117
0 6118
0 6119
0 6120
0 6121
0 6122
0 6123
0.824142 6124
0 6125
0 6126
29.7841 6127
42.7453 6128
0 6129
0 6130
10.5492 6131
0 6132
0 6133
47.548 6134
66.7318 6135
0 6136
0 6137
14.2283 6138
0 6139
0 6140
43.9232 6141
64.0584 6142
0 6143
0 6144
8.41866 6145
0 6146
0 6147
40.7407 6148
58.7799 6149
0 6150
0 6151
14.471 6152
0 6153
0 6154
18.4944 6155
27.8823 6156
1.87822 6157
0 6158
9.75923 6159
2.42845 6160
0.436728 6161
0 6162
0 6163
0 6164
0 6165
1.85636 6166
1.50259 6167
0 6168
0 6169
0 6170
0 6171
0 6172
0 6173
0 6174
0 6175
0 6176
0 6177
0 6178
0 6179
0 6180
0 6181
0 6182
0 6183
0 6184
0 6185
0 6186
0 6187
0 6188
0 6189
0 6190
10.8625 6191
0 6192
0 6193
0 6194
0 6195
0 6196
0 6197
0 6198
0 6199
0 6200
0 6201
0 6202
0 6203
0 6204
0 6205
0 6206
0 6207
0 6208
0 6209
0 6210
0 6211
0 6212
0 6213
0 6214
0 6215
0 6216
0 6217
0 6218
0 6219
0 6220
0 6221
0 6222
6.41846 6223
0 6224
0 6225
0 6226
0 6227
0 6228
4.68063 6229
0 6230
0 6231
0 6232
0 6233
0 6234
0 6235
0 6236
0 6237
0 6238
0 6239
0 6240
0 6241
0 6242
0 6243
0 6244
0 6245
0 6246
0 6247
0 6248
0 6249
0 6250
0 6251
0 6252
0 6253
0 6254
0 6255
0 6256
3.64414 6257
5.11462 6258
0 6259
0 6260
0 6261
0 6262
0 6263
8.57588 6264
7.6299 6265
4.84447 6266
0 6267
0 6268
0 6269
7.77282 6270
7.52334 6271
